A=[3 2 1; 6 5 4; 9 8 7];
B=[12 11 10; 15 14 13; 18 17 16];
matrixSum=A+B

